median speech energy -37.9 dB, noise floor -49.7 dB
silence threshold -43.7 dB, set by the noise floor (speech drop would give -52.9, noise margin -43.7), minimum silence 150 ms
pitch range 58.2 to 572.9 Hz, DERIVED from 7564 voiced frames in the probe pass
318 silence(s) found, 506 words in 60 sentence(s)
gaps at or over 0.60 s: 63 candidate(s), 46 passed the pitch-fall test, 17 rejected as hesitations (over 2.0 s is a boundary regardless of pitch)
boundary cues: 13 both agreed, 33 gap only, 13 punctuation only
median p90 intensity across words: 59.8 dB (suspect below 47.8 dB, or long: over 1.2 s barely voiced)
word          pn o_start   o_end  start    end   dur  trim_s pitch_med pitch_mean int_p90 int_mean gap_before gap_after sent_pos    cue  suspect
Okay           ,    0.88    1.34   1.00   1.34  0.34    0.12     473.6      421.9    58.0     52.2       1.00      0.23     0.00         
so                  1.46    1.68   1.57   1.68  0.11    0.11     103.5      104.6    64.2     61.9       0.23      0.00     0.11         
let's               1.68    2.18   1.68   2.18  0.50    0.00      97.7      109.9    60.2     53.2       0.00      0.00     0.22         
talk                2.18    2.48   2.18   2.48  0.30    0.00     284.3      306.9    62.2     54.5       0.00      0.00     0.33         
about               2.48    2.90   2.48   2.90  0.42    0.00     102.6      151.3    58.9     52.7       0.00      0.00     0.44         
the                 2.90    3.10   2.90   3.10  0.20    0.00     109.7      110.5    57.7     50.4       0.00      0.00     0.56         
new                 3.10    3.46   3.10   3.46  0.36    0.00     102.7      105.6    58.5     55.2       0.00      0.00     0.67         
Spider              3.46    3.84   3.46   3.84  0.38    0.00     123.0      199.4    64.2     53.8       0.00      0.00     0.78         
-Man                3.84    4.06   3.84   4.06  0.22    0.00      96.7      100.6    58.2     55.5       0.00      0.00     0.89         
movie          .    4.06    4.40   4.06   4.40  0.34    0.00      85.3       84.7    58.0     54.7       0.00      0.12     1.00         
What                4.52    4.60   4.52   4.60  0.08    0.00      95.1       95.0    63.0     61.2       0.12      0.00     0.00  punct  
did                 4.60    4.74   4.60   4.74  0.14    0.00     106.4      105.8    59.8     56.3       0.00      0.00     0.20         
you                 4.74    5.02   4.74   5.02  0.28    0.00      99.6       97.9    56.9     52.5       0.00      0.00     0.40         
think               5.02    5.34   5.02   5.34  0.32    0.00      95.2       95.4    59.5     52.5       0.00      0.00     0.60         
about               5.34    5.70   5.34   5.70  0.36    0.00      87.6      198.7    60.8     54.8       0.00      0.00     0.80         
that           ?    5.70    6.02   5.70   6.02  0.32    0.00      85.3      222.2    57.0     51.5       0.00     18.01     1.00         
No             ,   24.03   24.17  24.03  24.17  0.14    0.00     110.1      108.3    61.1     57.9      18.01      0.04     0.00   both  
no             ,   24.21   24.33  24.21  24.33  0.12    0.00      97.1       98.0    59.7     56.9       0.04      0.02     0.12         
no             ,   24.35   24.51  24.35  24.51  0.16    0.00      90.4       91.5    57.9     56.6       0.02      0.12     0.25         
no             ,   24.63   24.73  24.63  24.73  0.10    0.00      86.4       87.2    57.9     53.3       0.12      0.00     0.38         
that's             24.73   25.13  24.73  25.13  0.40    0.00      87.2       87.5    59.6     52.6       0.00      0.00     0.50         
not                25.13   25.31  25.13  25.31  0.18    0.00     106.0      106.6    57.4     54.0       0.00      0.00     0.62         
what               25.31   25.49  25.31  25.49  0.18    0.00      89.5       89.7    57.4     49.1       0.00      0.00     0.75         
I                  25.49   25.65  25.49  25.65  0.16    0.00      89.1       88.6    57.5     56.4       0.00      0.00     0.88         
meant          .   25.65   26.03  25.65  26.03  0.38    0.00      87.8       87.7    58.8     55.1       0.00      0.43     1.00         
What               26.43   26.59  26.46  26.59  0.13    0.03      90.8      250.8    57.9     56.1       0.43      0.00     0.00  punct  
I                  26.59   26.77  26.59  26.77  0.18    0.00      92.8       91.9    57.5     55.3       0.00      0.00     0.07         
meant              26.77   27.09  26.77  27.09  0.32    0.00      92.3       91.8    55.9     53.6       0.00      0.00     0.14         
was                27.09   27.51  27.09  27.46  0.37    0.05     114.4      172.8    57.3     52.0       0.00      0.71     0.21         
what               27.51   28.31  28.17  28.31  0.14    0.66      93.0       92.9    61.7     58.2       0.71      0.00     0.29         
did                28.31   28.47  28.31  28.47  0.16    0.00      71.7       74.8    52.9     50.1       0.00      0.00     0.36         
you                28.47   28.63  28.47  28.63  0.16    0.00     115.4      111.2    57.2     51.9       0.00      0.00     0.43         
think              28.63   28.83  28.63  28.83  0.20    0.00      95.0       95.2    59.3     50.8       0.00      0.00     0.50         
about              28.83   29.09  28.83  29.09  0.26    0.00      93.8       93.9    61.5     54.6       0.00      0.00     0.57         
the                29.09   29.27  29.09  29.27  0.18    0.00      97.4       97.3    56.3     50.8       0.00      0.00     0.64         
movie              29.27   29.57  29.27  29.57  0.30    0.00      87.9       86.7    59.8     56.9       0.00      0.00     0.71         
wasn't             29.57   29.99  29.57  29.99  0.42    0.00      84.7       84.4    56.9     53.3       0.00      0.00     0.79         
good               29.99   30.25  29.99  30.25  0.26    0.00      70.5      190.0    60.4     55.8       0.00      0.00     0.86         
or                 30.25   30.57  30.25  30.57  0.32    0.00     112.2      169.6    56.1     52.8       0.00      0.00     0.93         
bad            ?   30.57   31.03  30.57  31.00  0.43    0.03     530.8      529.8    54.7     50.5       0.00     13.89     1.00         
Yeah           ,   44.89   45.05  44.89  45.05  0.16    0.00      96.4       96.2    55.4     54.2      13.89      0.00     0.00   both  
so                 45.05   45.81  45.05  45.81  0.76    0.00      90.5       99.4    60.6     52.4       0.00      0.00     0.14         
when               45.81   46.59  45.81  46.59  0.78    0.00     111.9      112.5    57.3     48.4       0.00      0.00     0.29         
I                  46.59   46.99  46.59  46.99  0.40    0.00     115.0      115.0    55.9     52.1       0.00      0.00     0.43         
first              46.99   47.29  46.99  47.29  0.30    0.00     111.6      107.9    59.9     52.6       0.00      0.00     0.57         
saw                47.29   47.55  47.29  47.53  0.24    0.02     112.6      112.3    61.2     52.0       0.00      0.16     0.71         
spider             47.55   47.83  47.69  47.83  0.14    0.14     102.6      102.4    62.0     58.7       0.16      0.00     0.86         
-man               47.83   48.27  47.83  48.18  0.35    0.09     109.4      109.5    56.1     53.5       0.00      2.09     1.00         
I                  50.27   50.87  50.27  50.87  0.60    0.00     205.2      235.8    59.4     52.5       2.09      0.00     0.00    gap  
kind               50.87   51.47  50.87  51.47  0.60    0.00     107.4      107.8    64.2     50.3       0.00      0.00     0.06         
of                 51.47   51.65  51.47  51.65  0.18    0.00     115.8      114.2    63.8     57.2       0.00      0.00     0.12         
had                51.65   51.89  51.65  51.89  0.24    0.00      97.9      100.9    61.4     53.7       0.00      0.00     0.19         
a                  51.89   52.11  51.89  52.11  0.22    0.00      98.1       99.0    61.2     59.1       0.00      0.00     0.25         
mixed              52.11   52.55  52.11  52.55  0.44    0.00      92.2       91.9    58.7     53.1       0.00      0.00     0.31         
reaction           52.55   53.13  52.55  53.13  0.58    0.00      97.1      219.0    57.9     50.7       0.00      0.00     0.38         
like               53.13   53.77  53.13  53.74  0.61    0.03      91.1      282.2    56.2     49.3       0.00      0.46     0.44         
obviously          53.77   54.55  54.20  54.55  0.35    0.43      85.4       85.4    56.7     53.2       0.46      0.00     0.50         
the                54.55   54.85  54.55  54.85  0.30    0.00      91.1       91.3    61.9     56.5       0.00      0.00     0.56         
action             54.85   55.17  54.85  55.17  0.32    0.00      84.0       80.8    59.9     54.1       0.00      0.00     0.62         
wasn't             55.17   55.99  55.17  55.55  0.38    0.44      93.0       92.3    57.4     54.7       0.00      0.72     0.69         
so                 55.99   56.45  56.27  56.45  0.18    0.28      93.4       93.8    62.8     60.6       0.72      1.24     0.75         
so                 57.19   57.79  57.69  57.79  0.10    0.50     429.9      290.4    64.3     61.5       1.24      0.00     0.81         
much               57.79   58.03  57.79  58.03  0.24    0.00      90.0       90.0    59.8     56.6       0.00      0.00     0.88         
there              58.03   58.41  58.03  58.41  0.38    0.00      87.7      131.8    62.5     53.9       0.00      0.00     0.94         
like               58.41   58.83  58.41  58.73  0.32    0.10      85.9       86.5    60.3     56.3       0.00      0.86     1.00         
And                59.59   59.91  59.59  59.91  0.32    0.00      86.5       86.5    57.0     56.1       0.86      2.09     0.00    gap  
the                61.57   62.71  62.00  62.71  0.71    0.43     101.5      134.3    56.6     50.9       2.09      0.00     0.00    gap  
villain            62.71   63.01  62.71  63.01  0.30    0.00      98.1       96.9    63.1     58.3       0.00      0.00     0.25         
also               63.01   63.69  63.01  63.69  0.68    0.00      99.3       99.4    64.0     54.0       0.00      0.00     0.50         
wasn't             63.69   64.95  63.69  64.74  1.05    0.21      92.9       92.7    64.8     55.3       0.00      0.56     0.75         
Not                64.95   65.73  65.30  65.45  0.15    0.63      88.3       87.9    62.6     58.3       0.56      0.62     1.00         
I                  65.73   66.63  66.07  66.63  0.56    0.34     146.4      155.5    57.9     51.5       0.62      0.00     0.00    gap  
wouldn't           66.63   66.93  66.63  66.93  0.30    0.00     150.6      148.3    64.2     56.6       0.00      0.00     0.08         
say                66.93   67.07  66.93  67.07  0.14    0.00     187.1      273.2    63.0     53.5       0.00      0.00     0.17         
up                 67.07   67.23  67.07  67.23  0.16    0.00     556.2      556.2    62.4     54.6       0.00      0.00     0.25         few_voiced
to                 67.23   67.37  67.23  67.37  0.14    0.00     144.8      145.1    60.4     50.3       0.00      0.00     0.33         
the                67.37   67.47  67.37  67.47  0.10    0.00     144.0      143.9    54.1     52.1       0.00      0.00     0.42         
mark           ,   67.47   67.63  67.47  67.63  0.16    0.00      72.7       80.1    58.7     54.9       0.00      0.00     0.50         
but                67.63   67.85  67.63  67.85  0.22    0.00     135.7      136.5    65.4     51.0       0.00      0.00     0.58         
the                67.85   67.97  67.85  67.97  0.12    0.00     136.9      136.5    61.8     55.9       0.00      0.00     0.67         
villain            67.97   68.17  67.97  68.17  0.20    0.00     124.5      127.0    66.2     60.6       0.00      0.00     0.75         
wasn't             68.17   68.63  68.17  68.63  0.46    0.00     126.8      124.6    61.1     55.1       0.00      0.00     0.83         
a                  68.63   68.71  68.63  68.71  0.08    0.00     103.6      104.0    59.5     54.7       0.00      0.00     0.92         
villain        .   68.71   68.91  68.71  68.91  0.20    0.00      92.9       93.2    62.0     57.1       0.00      0.00     1.00         
We                 68.91   69.15  68.91  69.15  0.24    0.00      85.4       85.9    60.2     58.5       0.00      0.00     0.00  punct  
were               69.15   69.33  69.15  69.33  0.18    0.00      89.0       89.1    61.9     57.3       0.00      0.00     0.05         
also               69.33   69.59  69.33  69.59  0.26    0.00      87.5      161.2    62.5     56.4       0.00      0.00     0.09         
rooting            69.59   69.89  69.59  69.89  0.30    0.00      90.1       89.7    59.1     55.9       0.00      0.00     0.14         
for                69.89   70.07  69.89  70.07  0.18    0.00      84.9       86.1    59.5     54.0       0.00      0.00     0.18         
the                70.07   70.17  70.07  70.17  0.10    0.00     412.3      283.8    59.9     54.9       0.00      0.00     0.23         
villain            70.17   70.47  70.17  70.33  0.16    0.14     422.9      394.9    55.3     50.6       0.00      1.55     0.27         
so                 71.65   72.25  71.88  72.25  0.37    0.23     100.0      160.3    63.3     58.3       1.55      1.48     0.32         
That               73.73   74.33  73.73  74.33  0.60    0.00      89.7      122.8    61.6     53.1       1.48      0.00     0.36         
was                74.33   74.47  74.33  74.47  0.14    0.00     129.9      128.2    57.4     53.9       0.00      0.00     0.41         
a                  74.47   74.61  74.47  74.56  0.09    0.05      92.4       94.2    56.4     53.3       0.00      0.27     0.45         
pretty             74.61   74.97  74.83  74.97  0.14    0.22      90.7       92.8    62.2     58.8       0.27      0.00     0.50         
good               74.97   75.17  74.97  75.17  0.20    0.00      93.3       90.9    62.1     57.4       0.00      0.00     0.55         
response           75.17   75.53  75.17  75.53  0.36    0.00      87.2       86.7    63.0     54.5       0.00      0.00     0.59         
by                 75.53   75.73  75.53  75.73  0.20    0.00      94.6      259.3    60.4     52.5       0.00      0.00     0.64         
the                75.73   75.85  75.73  75.85  0.12    0.00      84.5       85.8    60.0     57.0       0.00      0.00     0.68         
way            ,   75.85   75.95  75.85  75.95  0.10    0.00      87.0       87.2    60.5     60.0       0.00      0.00     0.73         
I                  75.95   76.09  75.95  76.09  0.14    0.00      93.6       93.2    63.5     61.1       0.00      0.00     0.77         
like               76.09   76.41  76.09  76.35  0.26    0.06      86.7       86.9    63.6     60.1       0.00      0.73     0.82         
how                76.41   77.27  77.08  77.27  0.19    0.67      94.1       94.8    63.7     53.2       0.73      0.00     0.86         
you                77.27   77.47  77.27  77.47  0.20    0.00      89.1       88.8    59.8     57.3       0.00      0.00     0.91         
said           ,   77.47   77.71  77.47  77.71  0.24    0.00      89.5       91.4    64.5     54.9       0.00      0.00     0.95         
right              77.71   78.17  77.71  78.17  0.46    0.00      87.6       88.0    59.9     55.0       0.00      2.54     1.00         
Yeah           ,   80.71   81.31  80.71  80.79  0.08    0.52      85.8       85.9    55.2     53.2       2.54      0.78     0.00    gap  
wow                81.31   81.91  81.57  81.91  0.34    0.26     111.4      204.9    58.9     52.9       0.78      0.00     0.00    gap  
you've             81.91   82.57  81.91  82.57  0.66    0.00     113.0      112.7    58.8     48.6       0.00      0.00     0.17         
been               82.57   82.71  82.57  82.71  0.14    0.00     112.9      113.0    61.8     56.9       0.00      0.00     0.33         
really             82.71   83.31  82.71  83.31  0.60    0.00      68.6       88.6    53.5     51.5       0.00      0.00     0.50         
programmed         83.31   84.01  83.31  84.01  0.70    0.00     105.7      107.8    58.6     53.3       0.00      0.00     0.67         
well           ,   84.01   84.37  84.01  84.37  0.36    0.00      96.6       95.6    60.2     54.0       0.00      0.00     0.83         
huh                84.37   84.73  84.37  84.73  0.36    0.00      91.3       94.7    56.5     54.7       0.00     10.14     1.00         
Okay           ,   94.81   95.81  94.87  95.81  0.94    0.06     416.3      319.1    59.6     47.7      10.14      0.20     0.00    gap  
actually           95.95   96.47  96.01  96.47  0.46    0.06     152.8      151.6    60.9     55.4       0.20      0.00     0.20         
let's              96.47   97.23  96.47  97.23  0.76    0.00     128.8      132.8    59.1     49.9       0.00      0.00     0.40         
go                 97.23   97.39  97.23  97.39  0.16    0.00     143.5      142.4    64.5     54.6       0.00      0.00     0.60         
off                97.39   97.57  97.39  97.57  0.18    0.00     116.3      118.8    61.8     52.4       0.00      0.00     0.80         
topic          .   97.57   97.87  97.57  97.87  0.30    0.00      90.5      227.8    59.9     53.5       0.00      0.06     1.00         
Let's              97.93   98.27  97.93  98.27  0.34    0.00     104.0      103.9    58.3     50.1       0.06      0.00     0.00  punct  
talk               98.27   98.43  98.27  98.43  0.16    0.00     101.1      227.2    60.5     52.7       0.00      0.00     0.08         
about              98.43   98.77  98.43  98.72  0.29    0.05      97.3       98.1    60.4     54.7       0.00      0.26     0.17         
your               98.77   99.21  98.98  99.21  0.23    0.21      99.0       99.1    61.9     56.9       0.26      0.00     0.25         
reactions          99.21   99.79  99.21  99.79  0.58    0.00      93.9       96.2    58.3     51.6       0.00      0.00     0.33         
What               99.79  100.55  99.79 100.55  0.76    0.00     100.7      115.6    61.6     49.8       0.00      0.00     0.42         
are               100.55  100.95 100.55 100.95  0.40    0.00     113.2      206.8    58.7     50.7       0.00      0.00     0.50         
those             100.95  101.33 100.95 101.33  0.38    0.00     103.0      130.4    67.2     57.7       0.00      0.00     0.58         
things            101.33  101.77 101.33 101.77  0.44    0.00     103.1      219.9    54.7     49.4       0.00      0.00     0.67         
what              101.77  102.65 101.77 102.65  0.88    0.00     109.8      180.1    54.7     46.7       0.00      0.00     0.75         
you               102.65  102.83 102.65 102.83  0.18    0.00     121.3      120.9    60.1     52.7       0.00      0.00     0.83         
just              102.83  103.07 102.83 103.06  0.23    0.01     108.0      108.0    58.3     52.3       0.00      0.33     0.92         
did            ?  103.07  103.63 103.39 103.63  0.24    0.32      85.8       85.2    64.3     60.8       0.33      0.70     1.00         
Right          .  104.13  104.71 104.33 104.71  0.38    0.20      84.2       87.3    61.8     58.2       0.70      0.78     0.00   both  
What              105.09  105.63 105.49 105.63  0.14    0.40     113.5      221.4    63.3     59.4       0.78      0.00     0.00   both  
is                105.63  105.77 105.63 105.77  0.14    0.00     105.4      103.3    60.9     55.7       0.00      0.00     0.50         
that           ?  105.77  106.33 105.77 106.18  0.41    0.15      82.9       82.2    57.5     48.7       0.00     20.80     1.00         
dialogue       ,  126.98  127.12 126.98 126.98  0.00    0.14       nan        nan     nan      nan      20.80      1.12     0.00   both  few_voiced
huh               127.12  128.34 128.10 128.26  0.16    1.06      95.6       95.6    54.1     53.1       1.12      3.26     0.00    gap  
Why               130.67  131.65 131.52 131.65  0.13    0.85     103.8      104.9    63.2     58.9       3.26      0.00     0.00    gap  
did               131.65  131.83 131.65 131.83  0.18    0.00     147.3      140.7    62.5     58.4       0.00      0.00     0.25         
your              131.83  131.97 131.83 131.97  0.14    0.00     155.4      153.1    62.3     58.7       0.00      0.00     0.50         
voice             131.97  132.21 131.97 132.18  0.21    0.03     115.5      274.4    62.2     58.2       0.00      0.18     0.75         
change         ?  132.21  132.65 132.36 132.65  0.29    0.15      89.8       90.4    60.2     56.5       0.18      7.73     1.00         
I                 140.38  140.50 140.38 140.50  0.12    0.00      91.6       90.7    61.8     59.5       7.73      0.00     0.00   both  
I                 140.50  140.74 140.50 140.74  0.24    0.00      91.0      247.5    62.2     56.9       0.00      0.00     0.17         
suddenly          140.74  141.14 140.74 141.14  0.40    0.00      92.1      128.8    62.5     55.2       0.00      0.00     0.33         
heard             141.14  141.70 141.14 141.70  0.56    0.00      93.9       94.1    62.6     55.4       0.00      0.00     0.50         
a                 141.70  141.86 141.70 141.86  0.16    0.00      83.2       83.1    64.3     62.1       0.00      0.00     0.67         
male              141.86  142.14 141.86 142.14  0.28    0.00      85.4       85.9    59.6     54.3       0.00      0.00     0.83         
voice             142.14  142.58 142.14 142.37  0.23    0.21      98.8      278.8    57.8     55.7       0.00     18.01     1.00         
Okay              159.74  160.70 160.38 160.69  0.31    0.65      98.0      236.5    56.8     52.4      18.01      2.31     0.00    gap  
so                163.00  163.76 163.00 163.00  0.00    0.76       nan        nan     nan      nan       2.31      1.42     0.00    gap  few_voiced
I                 163.76  164.52 164.42 164.52  0.10    0.66     105.5      104.6    57.9     53.7       1.42      0.00     0.00    gap  
Don't             164.52  164.66 164.52 164.66  0.14    0.00     104.9      104.1    60.6     58.5       0.00      0.00     0.10         
know              164.66  164.82 164.66 164.82  0.16    0.00      88.1       88.6    59.2     57.8       0.00      0.00     0.20         
what              164.82  165.02 164.82 164.98  0.16    0.04      84.4       84.1    57.7     56.1       0.00      0.17     0.30         
to                165.02  165.16 165.15 165.16  0.01    0.13     448.7      448.7     nan      nan       0.17      0.00     0.40         few_voiced
talk              165.16  165.34 165.16 165.34  0.18    0.00     522.9      520.6    54.8     52.2       0.00      0.00     0.50         
about             165.34  165.62 165.34 165.54  0.20    0.08     480.1      345.8    52.7     49.1       0.00      0.34     0.60         
this              165.62  166.08 165.88 166.08  0.20    0.26      88.1       87.3    56.9     52.4       0.34      0.00     0.70         
is                166.08  166.24 166.08 166.24  0.16    0.00      85.8       86.5    56.3     52.9       0.00      0.00     0.80         
really            166.24  166.62 166.24 166.62  0.38    0.00      88.7      205.2    60.3     55.0       0.00      0.00     0.90         
hard              166.62  167.32 166.62 167.32  0.70    0.00      83.2      131.9    56.0     51.8       0.00     14.34     1.00         
Let's             180.88  181.92 181.66 181.92  0.26    0.78     136.5      134.4    59.6     52.7      14.34      0.00     0.00    gap  
talk              181.92  182.12 181.92 182.12  0.20    0.00     113.1      112.6    63.9     53.5       0.00      0.00     0.17         
about             182.12  182.40 182.12 182.40  0.28    0.00     104.8      104.8    63.4     55.1       0.00      0.00     0.33         
my                182.40  182.66 182.40 182.66  0.26    0.00     100.8      101.2    56.0     49.7       0.00      0.00     0.50         
app               182.66  183.04 182.66 183.04  0.38    0.00      86.4       88.1    58.0     50.9       0.00      0.00     0.67         
and               183.04  183.24 183.04 183.24  0.20    0.00      90.4      211.2    59.2     54.5       0.00      0.00     0.83         
marketing      .  183.24  183.80 183.24 183.80  0.56    0.00      88.5      206.2    58.8     54.0       0.00      0.48     1.00         
So                183.82  184.54 184.28 184.54  0.26    0.46      93.0       92.8    60.5     58.7       0.48      0.00     0.00  punct  
where             184.54  185.02 184.54 185.02  0.48    0.00      93.3       93.7    60.5     52.1       0.00      0.00     0.11         
I'm               185.02  185.28 185.02 185.20  0.18    0.08     104.6      104.1    59.8     56.1       0.00      0.16     0.22         
finding           185.28  185.66 185.36 185.66  0.30    0.08      96.1       94.8    61.9     56.1       0.16      0.00     0.33         
it                185.66  185.86 185.66 185.77  0.11    0.09     102.7      102.4    52.3     49.4       0.00      0.18     0.44         
difficult         185.86  186.36 185.95 186.36  0.41    0.09      92.1       92.9    57.8     51.3       0.18      0.00     0.56         
right             186.36  186.72 186.36 186.72  0.36    0.00     101.4      234.7    57.2     52.4       0.00      0.00     0.67         
now               186.72  187.08 186.72 187.03  0.31    0.05      86.8       87.1    53.6     49.6       0.00      0.23     0.78         
is                187.08  187.70 187.26 187.70  0.44    0.18      89.8       90.8    54.7     52.6       0.23      0.00     0.89         
I                 187.70  188.08 187.70 187.73  0.03    0.35      89.3       89.6    52.7     52.0       0.00      5.42     1.00         
Have              193.15  193.69 193.15 193.69  0.54    0.00     139.4      139.4    54.2     50.0       5.42      0.00     0.00    gap  
no                193.69  194.53 193.69 194.53  0.84    0.00      97.6       99.8    55.6     50.5       0.00      0.00     0.12         
idea              194.53  195.21 194.53 195.21  0.68    0.00      88.8       89.4    56.4     51.6       0.00      0.00     0.25         
like              195.21  195.99 195.21 195.99  0.78    0.00      87.9       88.0    55.3     50.9       0.00      0.00     0.38         
how               195.99  196.45 195.99 196.45  0.46    0.00      88.8       89.0    61.2     48.7       0.00      0.00     0.50         
to                196.45  196.77 196.45 196.77  0.32    0.00      92.9       93.1    57.9     50.5       0.00      0.00     0.62         
get               196.77  197.65 196.77 197.52  0.75    0.13      93.8       92.5    59.7     47.2       0.00      1.13     0.75         
tik               198.45  198.89 198.65 198.75  0.10    0.34      94.1       93.6    62.1     56.6       1.13      0.20     0.88         
-tok              198.89  199.27 198.95 199.19  0.24    0.14      87.3       87.0    62.6     59.3       0.20      1.16     1.00         
subscribers       200.11  200.55 200.35 200.55  0.20    0.24      76.3       77.0    61.0     56.8       1.16      0.00     0.00    gap  
I                 200.55  202.69 200.55 202.69  2.14    0.00      80.6       96.0    58.3     47.8       0.00      0.00     0.12         
Don't             202.69  203.83 202.69 203.83  1.14    0.00      97.5      122.0    59.0     54.9       0.00      0.00     0.25         
reach             203.83  204.09 203.83 204.09  0.26    0.00      91.9       91.9    56.5     51.8       0.00      0.00     0.38         
out               204.09  204.33 204.09 204.33  0.24    0.00      91.4       92.1    61.8     54.4       0.00      0.00     0.50         
to                204.33  204.45 204.33 204.45  0.12    0.00      82.9       82.9    54.2     47.9       0.00      0.00     0.62         few_voiced
my                204.45  204.59 204.45 204.59  0.14    0.00      87.3       87.2    58.7     57.7       0.00      0.00     0.75         
friend            204.59  204.93 204.59 204.93  0.34    0.00      89.1       89.3    61.4     53.8       0.00      0.00     0.88         
circle         .  204.93  205.39 204.93 205.39  0.46    0.00     110.7      112.0    61.0     52.3       0.00      5.71     1.00         
Yeah           ,  210.41  211.29 211.10 211.29  0.19    0.69     116.1      116.3    61.3     56.1       5.71      0.00     0.00   both  
I                 211.29  211.49 211.29 211.49  0.20    0.00      96.7       97.1    58.6     54.6       0.00      0.00     0.14         
need              211.49  211.79 211.49 211.79  0.30    0.00     101.7      101.1    57.7     54.7       0.00      0.00     0.29         
a                 211.79  211.93 211.79 211.93  0.14    0.00     100.6       96.3    59.9     55.5       0.00      0.00     0.43         
strategy          211.93  212.53 211.93 212.53  0.60    0.00      93.5      238.2    56.6     51.3       0.00      0.00     0.57         
to                212.53  213.05 212.53 213.05  0.52    0.00      84.6       85.6    58.8     50.0       0.00      0.00     0.71         
you               213.05  213.41 213.05 213.41  0.36    0.00      88.1       89.5    56.1     50.4       0.00      0.00     0.86         
know              213.41  213.91 213.41 213.68  0.27    0.23      88.6       88.0    56.5     54.3       0.00      0.87     1.00         
Get               213.91  214.67 214.55 214.67  0.12    0.64     430.7      432.0    64.9     59.9       0.87      0.00     0.00    gap  
started        .  214.67  215.15 214.67 215.11  0.44    0.04      84.2      185.5    56.2     51.2       0.00     46.91     1.00         
So                261.59  262.47 262.02 262.47  0.45    0.43     140.9      141.3    60.2     52.4      46.91      0.00     0.00   both  
I'm               262.47  263.55 262.47 263.54  1.07    0.01     147.4      238.3    57.9     51.4       0.00      0.52     0.09         
I                 263.55  264.21 264.06 264.21  0.15    0.51     155.0      152.3    57.1     55.5       0.52      0.00     0.18         
understand        264.21  264.73 264.21 264.73  0.52    0.00     131.7      122.1    58.7     53.5       0.00      0.00     0.27         
the               264.73  265.17 264.73 265.17  0.44    0.00      75.4       74.9    58.9     55.2       0.00      0.52     0.36         
Thing             265.69  266.17 265.69 266.17  0.48    0.00      98.8      101.0    61.2     54.8       0.52      0.00     0.45         
about             266.17  266.47 266.17 266.47  0.30    0.00     111.3      107.8    59.2     55.7       0.00      0.00     0.55         
one               266.47  266.75 266.47 266.75  0.28    0.00      94.8       94.7    61.0     53.7       0.00      0.00     0.64         
video             266.75  267.07 266.75 267.07  0.32    0.00     104.7      103.3    61.2     55.9       0.00      0.00     0.73         
a                 267.07  267.27 267.07 267.27  0.20    0.00     442.9      330.4    61.0     55.0       0.00      0.00     0.82         
day            ,  267.27  267.57 267.27 267.56  0.29    0.01     390.7      301.4    58.0     53.2       0.00      0.22     0.91         
right          ?  267.57  267.97 267.78 267.97  0.19    0.21      93.0       93.6    57.7     54.8       0.22      0.10     1.00         
But               268.07  268.31 268.07 268.31  0.24    0.00     119.1      303.0    61.1     55.5       0.10      0.00     0.00  punct  
the               268.31  268.85 268.31 268.85  0.54    0.00     110.8      102.6    61.5     47.9       0.00      0.00     0.03         
last              268.85  269.19 268.85 269.14  0.29    0.05      93.0       87.6    57.8     54.8       0.00      0.15     0.06         
video             269.19  269.49 269.29 269.49  0.20    0.10     134.6      134.1    63.3     58.2       0.15      0.00     0.09         
I                 269.49  269.63 269.49 269.63  0.14    0.00     124.0      115.1    57.1     52.5       0.00      0.00     0.12         
posted            269.63  269.97 269.63 269.97  0.34    0.00      87.9       87.6    60.0     50.2       0.00      0.00     0.15         
literally         269.97  270.41 269.97 270.41  0.44    0.00     103.7      147.6    59.8     53.3       0.00      0.00     0.18         
got               270.41  270.73 270.41 270.73  0.32    0.00     105.4       97.3    61.5     54.7       0.00      0.00     0.21         
zero              270.73  271.19 270.73 271.19  0.46    0.00      97.4       98.5    59.7     52.4       0.00      0.00     0.24         
views             271.19  271.65 271.19 271.64  0.45    0.01     104.3      103.0    59.8     53.8       0.00      1.74     0.27         
so                272.81  273.49 273.38 273.49  0.11    0.57     111.2      111.8    65.6     62.8       1.74      1.11     0.30         
That              274.21  274.77 274.60 274.77  0.17    0.39     132.6      134.4    65.6     61.7       1.11      0.00     0.33         
that's            274.77  275.51 274.77 275.33  0.56    0.18     136.5      122.7    63.6     52.0       0.00      0.18     0.36         
really            275.51  275.89 275.51 275.89  0.38    0.00     113.6      132.8    62.2     55.3       0.18      0.00     0.39         
concerning        275.89  276.41 275.89 276.41  0.52    0.00      94.3       92.2    60.0     52.8       0.00      0.00     0.42         
like              276.41  277.15 276.41 277.15  0.74    0.00      90.1       88.4    56.2     47.5       0.00      0.00     0.45         
zero              277.15  277.69 277.15 277.69  0.54    0.00     108.8      106.3    62.1     52.8       0.00      0.00     0.48         
views             277.69  278.07 277.69 278.06  0.37    0.01     139.2      138.7    61.4     56.5       0.00      0.45     0.52         
I                 278.07  278.59 278.51 278.59  0.08    0.44     102.8      104.0    59.3     55.8       0.45      0.00     0.55         
mean           ,  278.59  278.73 278.59 278.73  0.14    0.00     121.1      119.1    59.7     57.7       0.00      0.18     0.58         
I                 278.77  279.07 278.91 279.07  0.16    0.14      96.7       95.7    62.3     59.7       0.18      0.00     0.61         
I                 279.07  279.25 279.07 279.25  0.18    0.00      98.9      235.1    58.2     53.1       0.00      0.00     0.64         
guess             279.25  279.39 279.25 279.39  0.14    0.00     124.8      117.0    62.9     57.2       0.00      0.00     0.67         
it's              279.39  279.61 279.39 279.61  0.22    0.00      89.5       92.2    53.3     50.5       0.00      0.00     0.70         
been              279.61  279.75 279.61 279.75  0.14    0.00     106.3      105.7    59.9     51.9       0.00      0.00     0.73         
two               279.75  279.93 279.75 279.93  0.18    0.00      93.7       94.5    59.9     53.9       0.00      0.00     0.76         
days              279.93  280.11 279.93 280.11  0.18    0.00      93.0       91.3    60.7     57.1       0.00      0.00     0.79         
and               280.11  280.29 280.11 280.29  0.18    0.00      85.7      220.9    56.4     52.4       0.00      0.00     0.82         
it's              280.29  280.63 280.29 280.63  0.34    0.00      80.8       81.1    57.5     51.1       0.00      0.00     0.85         
still             280.63  280.83 280.63 280.83  0.20    0.00      94.3       96.3    64.2     55.7       0.00      0.00     0.88         
sitting           280.83  281.19 280.83 281.19  0.36    0.00      90.8       89.2    58.2     53.3       0.00      0.00     0.91         
at                281.19  281.35 281.19 281.35  0.16    0.00      84.6       85.6    57.6     56.1       0.00      0.00     0.94         
zero              281.35  281.63 281.35 281.63  0.28    0.00     431.0      322.0    54.9     50.5       0.00      0.00     0.97         
views          .  281.63  281.91 281.63 281.88  0.25    0.03     367.8      382.7    54.3     49.4       0.00      0.23     1.00         
So                281.91  282.33 282.11 282.31  0.20    0.22     474.4      468.0    56.6     53.8       0.23      1.87     0.00  punct  
It's              283.77  284.45 284.18 284.45  0.27    0.41     117.3      117.5    56.8     50.2       1.87      0.00     0.25         
kind              284.45  284.65 284.45 284.65  0.20    0.00     105.1      107.5    66.1     58.9       0.00      0.00     0.50         
of                284.65  284.81 284.65 284.81  0.16    0.00     103.9      103.0    64.8     58.9       0.00      0.00     0.75         
very              284.81  285.13 284.81 285.13  0.32    0.00      95.1       95.6    64.1     56.9       0.00      1.88     1.00         
Much              286.51  287.19 287.01 287.19  0.18    0.50     101.9       90.2    59.5     55.6       1.88      0.00     0.00    gap  
like              287.19  287.63 287.19 287.60  0.41    0.03      84.0       86.1    62.1     54.8       0.00      0.32     0.14         
what              287.63  288.15 287.92 288.15  0.23    0.29      93.9       96.3    70.0     60.1       0.32      0.00     0.29         
the               288.15  288.31 288.15 288.31  0.16    0.00      91.0       89.1    60.7     57.1       0.00      0.00     0.43         
hell              288.31  288.41 288.31 288.41  0.10    0.00      88.6       87.5    62.0     60.8       0.00      0.00     0.57         
is                288.41  288.53 288.41 288.53  0.12    0.00      82.4       82.8    61.1     58.8       0.00      0.00     0.71         
going             288.53  288.73 288.53 288.73  0.20    0.00      89.4      267.3    59.5     54.7       0.00      0.00     0.86         
on                288.73  289.31 288.73 288.96  0.23    0.35      84.1       84.0    59.6     55.6       0.00     26.53     1.00         
even              315.49  316.23 315.49 316.23  0.74    0.00     118.4      119.8    63.1     57.5      26.53      0.00     0.00    gap  
if                316.23  316.59 316.23 316.59  0.36    0.00     136.2      133.2    57.1     50.3       0.00      6.92     1.00         
So                322.93  323.61 323.51 323.61  0.10    0.58     121.0      124.3    68.3     65.5       6.92      0.00     0.00    gap  
you               323.61  323.99 323.61 323.99  0.38    0.00     114.7      264.4    66.0     57.0       0.00      0.00     0.17         
do                323.99  324.27 323.99 324.27  0.28    0.00     110.2      110.1    63.0     53.3       0.00      0.00     0.33         
that              324.27  324.49 324.27 324.49  0.22    0.00     115.9      115.9    67.2     59.2       0.00      0.00     0.50         
even              324.49  324.83 324.49 324.83  0.34    0.00     101.8      103.6    58.7     51.9       0.00      0.00     0.67         
if                324.83  325.57 324.83 325.33  0.50    0.24     102.1      103.4    60.3     52.1       0.00      0.24     0.83         
I                 325.57  325.91 325.57 325.57  0.00    0.34       nan        nan     nan      nan       0.24      1.53     1.00         few_voiced
Have              326.83  327.33 327.10 327.33  0.23    0.27      99.4       96.7    62.9     59.3       1.53      0.00     0.00    gap  
zero              327.33  327.83 327.33 327.83  0.50    0.00      96.7       95.2    56.2     50.5       0.00      0.00     0.14         
friends           327.83  328.27 327.83 328.21  0.38    0.06     130.5      164.0    61.2     53.0       0.00      0.40     0.29         
because           328.27  328.81 328.61 328.81  0.20    0.34     109.8      111.4    65.0     56.2       0.40      0.00     0.43         
I                 328.81  329.11 328.81 329.11  0.30    0.00     109.6      262.3    58.0     53.6       0.00      0.00     0.57         
have              329.11  329.29 329.11 329.29  0.18    0.00     133.3      129.7    60.0     54.2       0.00      0.00     0.71         
no                329.29  329.77 329.29 329.77  0.48    0.00      96.1      100.2    58.2     56.4       0.00      0.00     0.86         
following      .  329.77  330.35 329.77 330.35  0.58    0.00      93.6      131.2    60.3     53.5       0.00      0.38     1.00         
I                 330.73  330.75 330.73 330.75  0.02    0.00     105.0      105.0    62.2     61.9       0.38      0.00     0.00  punct  few_voiced
basically         330.75  331.29 330.75 331.17  0.42    0.12      98.9      103.0    60.0     50.3       0.00      0.18     0.12         
don't             331.29  331.67 331.35 331.67  0.32    0.06     126.5      214.9    59.7     53.4       0.18      0.00     0.25         
have              331.67  331.91 331.67 331.91  0.24    0.00      94.5       94.7    65.5     57.3       0.00      0.00     0.38         
I                 331.91  332.29 331.91 332.29  0.38    0.00      96.3       96.0    64.7     51.0       0.00      0.00     0.50         
don't             332.29  332.69 332.29 332.69  0.40    0.00      98.5       98.3    60.5     53.2       0.00      0.00     0.62         
use               332.69  332.95 332.69 332.95  0.26    0.00     107.2      105.5    58.1     51.7       0.00      0.00     0.75         
tik               332.95  333.19 332.95 333.19  0.24    0.00      79.6       82.0    55.4     48.6       0.00      0.00     0.88         
-tok           .  333.19  333.29 333.19 333.29  0.10    0.00      77.2       77.2    58.5     53.2       0.00      0.21     1.00         few_voiced
So                333.39  333.67 333.50 333.66  0.16    0.12     462.8      329.1    60.4     56.5       0.21      0.26     0.00  punct  
even              333.67  334.49 333.92 334.49  0.57    0.25      96.5      102.0    55.5     47.9       0.26      0.00     0.12         
though            334.49  334.69 334.49 334.69  0.20    0.00     111.2      110.2    65.4     58.8       0.00      0.00     0.25         
I                 334.69  334.77 334.69 334.77  0.08    0.00     100.3      100.4    64.4     60.8       0.00      0.00     0.38         
don't             334.77  335.03 334.77 335.03  0.26    0.00     101.9      150.7    58.6     52.6       0.00      0.00     0.50         
use               335.03  335.23 335.03 335.23  0.20    0.00      97.9       98.2    56.3     51.8       0.00      0.00     0.62         
tik               335.23  335.45 335.23 335.45  0.22    0.00      81.3       81.8    51.3     46.8       0.00      0.00     0.75         
-tok           ,  335.45  335.63 335.45 335.63  0.18    0.00     116.6      213.3    62.5     56.2       0.00      0.14     0.88         
I'm               335.77  336.13 335.77 336.13  0.36    0.00      85.5      154.4    60.7     56.8       0.14      1.26     1.00         
Is                337.39  338.11 337.39 338.11  0.72    0.00     101.5      253.7    59.9     55.4       1.26      0.00     0.00    gap  
it                338.11  338.31 338.11 338.31  0.20    0.00      99.0       94.7    57.0     51.6       0.00      0.00     0.07         
still             338.31  338.67 338.31 338.67  0.36    0.00     102.2      101.8    61.7     53.3       0.00      0.00     0.14         
viable            338.67  338.99 338.67 338.99  0.32    0.00     108.2      108.2    63.1     57.3       0.00      0.00     0.21         
like              338.99  339.37 338.99 339.37  0.38    0.00      96.4      100.2    60.1     53.7       0.00      0.00     0.29         
your              339.37  339.79 339.37 339.79  0.42    0.00      92.3      152.0    59.4     51.3       0.00      0.00     0.36         
plan              339.79  340.23 339.79 340.23  0.44    0.00      88.9       89.1    58.2     53.0       0.00      0.00     0.43         
to                340.23  340.59 340.23 340.59  0.36    0.00      95.4       98.3    59.6     53.2       0.00      0.00     0.50         
depost            340.59  341.17 340.59 341.14  0.55    0.03      92.4      130.1    60.0     53.1       0.00      0.16     0.57         
it                341.17  341.41 341.30 341.41  0.11    0.13     404.2      403.7    59.2     54.1       0.16      0.00     0.64         
and               341.41  341.57 341.41 341.57  0.16    0.00      93.1      255.3    57.4     54.9       0.00      0.00     0.71         
give              341.57  341.75 341.57 341.75  0.18    0.00      87.4       86.8    58.7     54.8       0.00      0.00     0.79         
it                341.75  341.87 341.75 341.87  0.12    0.00      91.7       88.7    60.6     55.7       0.00      0.00     0.86         
another           341.87  342.13 341.87 342.13  0.26    0.00      93.5       94.4    56.2     53.1       0.00      0.00     0.93         
chance         ?  342.13  342.73 342.13 342.73  0.60    0.00      82.4       82.9    52.6     48.8       0.00      1.63     1.00         
Or                343.93  344.65 344.36 344.65  0.29    0.43     561.8      537.7    67.5     53.8       1.63      0.00     0.00   both  
should            344.65  344.87 344.65 344.87  0.22    0.00     133.7      131.8    66.8     56.0       0.00      0.00     0.20         
I                 344.87  345.21 344.87 345.21  0.34    0.00     139.0      200.3    66.6     62.6       0.00      0.00     0.40         
were              345.21  345.61 345.21 345.61  0.40    0.00     119.4      155.6    67.8     59.1       0.00      0.00     0.60         
focus             345.61  346.05 345.61 346.05  0.44    0.00     116.0      156.5    66.9     56.7       0.00      0.00     0.80         
on                346.05  346.53 346.05 346.53  0.48    0.00     105.4      200.4    58.7     55.0       0.00      0.89     1.00         
The               347.41  348.13 347.42 348.13  0.71    0.01     484.0      416.0    62.1     49.2       0.89      0.00     0.00    gap  
friends           348.13  348.55 348.13 348.55  0.42    0.00      89.6      169.2    61.4     55.0       0.00      0.00     0.33         
angle             348.55  348.99 348.55 348.96  0.41    0.03      90.1      265.3    55.4     51.7       0.00      0.03     0.67         
what              348.99  349.73 348.99 348.99  0.00    0.74       nan        nan     nan      nan       0.03     12.23     1.00         few_voiced
about             361.22  361.46 361.22 361.46  0.24    0.00     171.9      210.9    68.9     62.7      12.23      0.00     0.00    gap  
Instagram         361.46  362.14 361.46 362.14  0.68    0.00     101.3      144.9    60.5     54.1       0.00      0.00     0.50         
if                362.14  362.76 362.14 362.65  0.51    0.11     116.6      111.3    60.8     49.6       0.00      0.60     1.00         
if                362.76  363.46 363.25 363.46  0.21    0.49     127.7      125.1    58.8     53.6       0.60      0.00     0.00    gap  
I                 363.46  363.68 363.46 363.68  0.22    0.00     134.9      250.2    59.7     54.5       0.00      0.00     0.06         
post              363.68  364.02 363.68 364.02  0.34    0.00     118.5      120.4    59.8     51.9       0.00      0.00     0.12         
on                364.02  364.22 364.02 364.16  0.14    0.06       nan        nan    55.7     50.5       0.00      0.17     0.18         few_voiced
Instagram         364.22  364.82 364.33 364.82  0.49    0.11      99.1      106.7    58.4     52.2       0.17      0.00     0.24         
and               364.82  365.22 364.82 365.22  0.40    0.00     118.1      121.7    56.0     51.7       0.00      0.00     0.29         
have              365.22  365.48 365.22 365.48  0.26    0.00     104.5      104.2    56.0     52.4       0.00      0.00     0.35         
no                365.48  365.76 365.48 365.76  0.28    0.00      93.5       94.3    58.8     54.2       0.00      0.00     0.41         
friends           365.76  366.08 365.76 366.08  0.32    0.00      87.9       88.6    57.4     51.0       0.00      0.00     0.47         
Do                366.08  366.32 366.08 366.32  0.24    0.00      88.7       91.1    58.7     53.7       0.00      0.00     0.53         
you               366.32  366.44 366.32 366.44  0.12    0.00      95.4       91.4    55.6     51.1       0.00      0.00     0.59         
think             366.44  366.62 366.44 366.56  0.12    0.06     127.9      130.2    55.5     51.7       0.00      0.55     0.65         
people            366.62  367.36 367.11 367.36  0.25    0.49     109.6      152.4    61.0     55.6       0.55      0.00     0.71         
will              367.36  367.70 367.36 367.70  0.34    0.00     114.8      116.7    60.0     55.9       0.00      0.00     0.76         
see               367.70  368.30 367.70 368.30  0.60    0.00     113.9      106.6    54.3     49.2       0.00      0.00     0.82         
posts             368.30  368.68 368.30 368.68  0.38    0.00     105.6       94.6    61.3     50.5       0.00      0.00     0.88         
on                368.68  368.96 368.68 368.96  0.28    0.00      59.9       75.8    57.0     51.9       0.00      0.00     0.94         
Instagram      ?  368.96  369.28 368.96 369.28  0.32    0.00     106.9      106.9    53.2     48.5       0.00      1.08     1.00         few_voiced
Is                370.36  370.36 370.36 370.36  0.00    0.00       nan        nan    53.1     53.1       1.08      0.00     0.00  punct  few_voiced
it                370.36  370.58 370.36 370.45  0.09    0.13     115.9      116.4    62.4     57.1       0.00      0.44     0.20         
same              370.58  371.10 370.89 371.10  0.21    0.31     106.0      106.7    61.9     56.5       0.44      0.00     0.40         
like              371.10  371.32 371.10 371.32  0.22    0.00     110.4      105.7    59.3     53.4       0.00      0.00     0.60         
tik               371.32  371.56 371.32 371.56  0.24    0.00      91.7       87.8    61.2     49.8       0.00      0.00     0.80         
-tok           ?  371.56  371.74 371.56 371.69  0.13    0.05     130.0      129.7    60.6     54.6       0.00     23.47     1.00         
I                 395.16  395.16 395.16 395.16  0.00    0.00       nan        nan    50.2     50.2      23.47      0.20     0.00   both  few_voiced
see               395.16  395.44 395.36 395.40  0.04    0.24      80.6       86.7    51.8     51.0       0.20      0.04     0.50         
so                395.44  396.78 395.44 395.44  0.00    1.34       nan        nan     nan      nan       0.04      9.18     1.00         few_voiced
What              404.22  404.76 404.62 404.76  0.14    0.40     121.7      121.1    65.1     58.5       9.18      0.00     0.00    gap  
did               404.76  404.90 404.76 404.90  0.14    0.00     349.8      348.6    59.7     51.9       0.00      0.00     0.17         
you               404.90  405.02 404.90 405.02  0.12    0.00     103.7      104.1    54.7     51.3       0.00      0.00     0.33         
say               405.02  405.22 405.02 405.22  0.20    0.00     201.0      201.4    63.5     54.9       0.00      0.00     0.50         
again             405.22  405.60 405.22 405.60  0.38    0.00     181.9      158.1    60.0     53.5       0.00      0.00     0.67         
about             405.60  406.10 405.60 406.10  0.50    0.00     154.7      159.9    62.3     54.4       0.00      0.00     0.83         
why            ?  406.10  407.00 406.10 406.99  0.89    0.01     117.0      176.4    61.0     52.0       0.00      0.95     1.00         
or                407.94  408.20 407.94 408.19  0.25    0.01     104.0      300.3    62.8     57.5       0.95      0.23     0.00   both  
when              408.20  409.08 408.42 408.93  0.51    0.37     101.1      101.3    59.9     54.1       0.23      1.35     0.09         
An                410.28  411.04 410.28 411.04  0.76    0.00     104.1      244.1    53.7     47.3       1.35      0.00     0.18         
agent             411.04  411.34 411.04 411.34  0.30    0.00      99.3       98.6    58.7     56.0       0.00      0.00     0.27         
should            411.34  411.76 411.34 411.73  0.39    0.03     105.5      105.3    61.6     49.6       0.00      0.45     0.36         
respond           411.76  412.72 412.18 412.72  0.54    0.42      98.1      129.3    65.0     55.1       0.45      0.00     0.45         
but               412.72  413.36 412.72 413.33  0.61    0.03     106.4       99.0    57.9     49.9       0.00      0.24     0.55         
how               413.36  413.96 413.57 413.96  0.39    0.21      93.4       95.2    63.9     58.2       0.24      0.00     0.64         
to                413.96  414.18 413.96 414.17  0.21    0.01      96.5       98.0    59.4     54.8       0.00      0.19     0.73         
classify          414.18  414.72 414.36 414.72  0.36    0.18      98.4      226.9    60.7     52.1       0.19      0.00     0.82         
pauses            414.72  415.24 414.72 415.24  0.52    0.00      94.9      271.1    60.4     53.1       0.00      0.00     0.91         
and               415.24  415.66 415.24 415.66  0.42    0.00      91.9      160.3    55.7     50.9       0.00      4.01     1.00         
You               419.01  419.77 419.67 419.77  0.10    0.66     103.6      103.4    58.4     55.6       4.01      0.00     0.00    gap  
know              419.77  420.01 419.77 420.01  0.24    0.00      87.8       89.7    61.5     58.4       0.00      0.00     0.06         
actual            420.01  420.53 420.01 420.53  0.52    0.00      91.5      147.0    61.2     52.9       0.00      0.00     0.12         
answer            420.53  420.95 420.53 420.95  0.42    0.00      91.2      201.8    60.4     54.7       0.00      0.00     0.18         
output            420.95  421.21 420.95 421.21  0.26    0.00      90.9      159.1    64.1     55.3       0.00      0.00     0.24         
context           421.21  421.63 421.21 421.63  0.42    0.00     112.5      213.4    64.5     54.4       0.00      0.00     0.29         
right             421.63  421.93 421.63 421.93  0.30    0.00     504.1      333.3    60.9     52.0       0.00      0.00     0.35         
like              421.93  422.19 421.93 422.17  0.24    0.02      89.8      165.9    58.1     51.3       0.00      0.27     0.41         
the               422.19  422.45 422.44 422.45  0.01    0.25       nan        nan    50.6     50.6       0.27      0.00     0.47         few_voiced
content           422.45  422.75 422.45 422.75  0.30    0.00      88.0       88.0    62.2     57.3       0.00      0.00     0.53         
instead           422.75  423.07 422.75 423.07  0.32    0.00      90.3       87.4    52.8     47.6       0.00      0.00     0.59         
of                423.07  423.45 423.07 423.28  0.21    0.17      89.1       88.3    57.2     54.0       0.00      1.85     0.65         
The               424.57  425.33 425.13 425.33  0.20    0.56      87.1       87.8    62.0     60.3       1.85      0.00     0.71         
Sound             425.33  426.07 425.33 426.06  0.73    0.01      83.1      105.7    61.3     56.7       0.00      0.29     0.76         
what              426.07  426.45 426.35 426.45  0.10    0.28     262.4      275.6    65.3     61.9       0.29      0.00     0.82         
did               426.45  426.61 426.45 426.61  0.16    0.00     118.6      114.9    61.7     53.8       0.00      0.00     0.88         
you               426.61  426.73 426.61 426.73  0.12    0.00     139.8      140.0    56.0     52.1       0.00      0.00     0.94         
say            ?  426.73  426.91 426.73 426.85  0.12    0.06      89.3       89.3    53.0     48.8       0.00     14.00     1.00         few_voiced
And               440.85  440.85 440.85 440.85  0.00    0.00       nan        nan     nan      nan      14.00      0.00     0.00   both  few_voiced
how               440.85  441.23 440.85 441.23  0.38    0.00     125.3      217.1    64.0     55.4       0.00      0.00     0.10         
do                441.23  441.49 441.23 441.49  0.26    0.00     142.9      127.9    65.8     57.0       0.00      0.00     0.20         
you               441.49  441.79 441.49 441.79  0.30    0.00      82.7       81.9    61.4     60.0       0.00      0.00     0.30         
build             441.79  442.25 441.79 442.25  0.46    0.00     122.7      169.2    62.8     56.6       0.00      0.00     0.40         
that              442.25  442.65 442.25 442.65  0.40    0.00     121.0      102.8    60.7     52.9       0.00      0.00     0.50         
in                442.65  443.01 442.65 443.01  0.36    0.00     119.6      120.6    56.6     50.0       0.00      0.00     0.60         
a                 443.01  443.35 443.01 443.35  0.34    0.00      59.2       59.2    54.9     48.7       0.00      0.00     0.70         
technical         443.35  443.89 443.35 443.89  0.54    0.00      94.0       97.6    57.3     49.8       0.00      0.00     0.80         
way               443.89  444.49 443.89 444.49  0.60    0.00      89.3       91.5    59.5     52.4       0.00      0.00     0.90         
intent         ?  444.49  445.03 444.49 445.03  0.54    0.00      92.4       91.1    57.8     51.9       0.00      0.52     1.00         
How               445.55  445.55 445.55 445.55  0.00    0.00       nan        nan     nan      nan       0.52      0.00     0.00  punct  few_voiced
do                445.55  445.77 445.55 445.77  0.22    0.00     108.2      107.7    59.3     53.7       0.00      0.00     0.50         
you            ?  445.77  446.15 445.77 446.01  0.24    0.14     112.4      111.9    57.7     55.6       0.00      0.60     1.00         
Orchestrate       446.49  447.19 446.61 447.19  0.58    0.12     103.0      293.5    58.6     52.0       0.60      0.00     0.00  punct  
intent            447.19  447.81 447.19 447.74  0.55    0.07     106.2      197.0    56.3     50.6       0.00      0.07     0.50         
kind              447.81  448.79 447.81 447.81  0.00    0.98       nan        nan     nan      nan       0.07     25.33     1.00         few_voiced
of                473.14  473.52 473.14 473.52  0.38    0.00      87.2       87.3    56.9     52.5      25.33      0.00     0.00    gap  
I                 473.52  473.86 473.52 473.86  0.34    0.00      87.2       88.6    50.9     47.3       0.00      0.00     0.33         
guess             473.86  474.30 473.86 474.03  0.17    0.27      90.7       90.0    55.4     53.0       0.00      0.29     0.67         
what              474.30  475.04 474.32 474.36  0.04    0.70       nan        nan    52.7     51.0       0.29     28.78     1.00         few_voiced
if                503.14  503.26 503.14 503.26  0.12    0.00     218.0      215.8    64.3     55.7      28.78      0.00     0.00    gap  
I                 503.26  503.42 503.26 503.42  0.16    0.00     234.2      231.8    58.6     54.4       0.00      0.00     0.14         
want              503.42  503.68 503.42 503.68  0.26    0.00     155.2      164.0    60.8     56.2       0.00      0.00     0.29         
to                503.68  503.82 503.68 503.82  0.14    0.00     173.1      222.8    65.7     55.9       0.00      0.00     0.43         
run               503.82  503.98 503.82 503.98  0.16    0.00     105.7      106.8    64.4     58.1       0.00      0.00     0.57         
it                503.98  504.16 503.98 504.16  0.18    0.00     129.2      121.1    57.5     52.1       0.00      0.00     0.71         
completely        504.16  504.60 504.16 504.60  0.44    0.00     133.1      225.4    59.2     51.5       0.00      0.00     0.86         
locally           504.60  505.68 504.60 505.68  1.08    0.00      90.5       86.6    57.5     50.9       0.00      1.58     1.00         
Basically         506.82  507.58 507.26 507.58  0.32    0.44     107.1      106.7    63.6     55.1       1.58      0.00     0.00    gap  
an                507.58  507.90 507.58 507.90  0.32    0.00     122.0      120.7    57.8     53.0       0.00      0.00     0.17         
algorithm         507.90  508.48 507.90 508.48  0.58    0.00      96.0      126.0    57.4     51.0       0.00      0.00     0.33         
instead           508.48  508.84 508.48 508.84  0.36    0.00      87.4       87.6    56.2     52.4       0.00      0.00     0.50         
of                508.84  509.02 508.84 509.02  0.18    0.00      92.6       92.6    62.4     54.4       0.00      0.00     0.67         
an                509.02  509.18 509.02 509.18  0.16    0.00      88.9       87.4    58.7     56.9       0.00      0.00     0.83         
LLM            .  509.18  509.70 509.18 509.64  0.46    0.06      96.5      248.3    57.5     53.6       0.00      0.18     1.00         
I                 509.70  509.98 509.82 509.98  0.16    0.12      91.6       89.7    58.0     54.8       0.18      0.00     0.00  punct  
just              509.98  510.34 509.98 510.27  0.29    0.07     100.0       98.3    56.0     50.1       0.00      0.29     0.10         
want              510.34  510.74 510.56 510.74  0.18    0.22      89.6       90.4    56.9     54.2       0.29      0.00     0.20         
to                510.74  510.90 510.74 510.90  0.16    0.00     102.4      102.0    58.3     50.2       0.00      0.00     0.30         
run               510.90  511.08 510.90 511.08  0.18    0.00      91.4       91.4    57.2     55.4       0.00      0.00     0.40         
it                511.08  511.24 511.08 511.24  0.16    0.00      91.3       91.5    55.9     52.5       0.00      0.00     0.50         
locally           511.24  511.76 511.24 511.76  0.52    0.00      85.2       85.9    58.3     52.6       0.00      0.00     0.60         
when              511.76  512.74 511.76 512.74  0.98    0.00      86.3       87.0    60.5     48.9       0.00      0.00     0.70         
to                512.74  513.16 512.74 513.16  0.42    0.00      88.8       89.0    57.7     52.9       0.00      1.85     0.80         
You               514.68  515.44 515.01 515.44  0.43    0.33      91.7       93.8    59.4     57.3       1.85      0.00     0.90         
know              515.44  516.20 515.44 516.20  0.76    0.00      85.8       86.0    54.3     46.2       0.00      2.29     1.00         
So                518.28  518.66 518.49 518.66  0.17    0.21      86.9       99.5    56.1     51.3       2.29      0.00     0.00    gap  
this              518.66  519.34 518.66 519.32  0.66    0.02     138.7      135.9    63.8     51.7       0.00      0.19     0.08         
my                519.34  520.00 519.51 520.00  0.49    0.17     104.6      220.2    60.3     55.0       0.19      0.00     0.17         
conversation      520.00  520.36 520.00 520.36  0.36    0.00     110.5      196.6    62.8     57.3       0.00      0.00     0.25         
with              520.36  520.78 520.36 520.78  0.42    0.00      94.3       95.5    54.0     51.0       0.00      0.00     0.33         
you               520.78  520.94 520.78 520.94  0.16    0.00     137.8      137.5    56.7     51.6       0.00      0.00     0.42         
is                520.94  521.16 520.94 521.16  0.22    0.00       nan        nan    57.8     53.3       0.00      0.00     0.50         few_voiced
basically         521.16  521.68 521.16 521.68  0.52    0.00      93.5       97.0    55.2     50.4       0.00      0.00     0.58         
about             521.68  522.06 521.68 522.06  0.38    0.00      93.1      142.2    62.5     55.5       0.00      0.00     0.67         
that              522.06  522.40 522.06 522.31  0.25    0.09     274.3      299.3    58.2     51.0       0.00      0.27     0.75         
I'm               522.40  522.90 522.58 522.90  0.32    0.18      99.8       97.9    53.7     50.5       0.27      0.00     0.83         
trying            522.90  523.14 522.90 523.14  0.24    0.00      97.7       98.7    57.8     51.6       0.00      0.00     0.92         
to                523.14  523.52 523.14 523.52  0.38    0.00     106.7      106.2    59.8     52.9       0.00      2.24     1.00         
Record            525.76  526.52 525.76 526.37  0.61    0.15     100.7      173.1    60.3     55.1       2.24      0.39     0.00    gap  
and               526.52  527.28 526.76 527.28  0.52    0.24      94.7       95.2    55.7     54.0       0.39      0.00     0.07         
classify          527.28  528.22 527.28 528.22  0.94    0.00      90.5      252.8    61.6     52.2       0.00      0.00     0.13         
you               528.22  528.46 528.22 528.46  0.24    0.00      91.6      166.3    63.4     55.6       0.00      0.00     0.20         
when              528.46  528.64 528.46 528.64  0.18    0.00      90.6       92.0    61.3     58.5       0.00      0.00     0.27         
I                 528.64  528.88 528.64 528.88  0.24    0.00      93.4       92.8    56.8     54.4       0.00      0.00     0.33         
should            528.88  529.08 528.88 529.08  0.20    0.00     409.1      408.5    56.8     52.7       0.00      0.00     0.40         
when              529.08  529.54 529.08 529.54  0.46    0.00      92.0      233.4    64.2     50.2       0.00      0.00     0.47         
the               529.54  529.72 529.54 529.72  0.18    0.00      93.1      193.1    62.1     57.3       0.00      0.00     0.53         
agent             529.72  530.04 529.72 530.04  0.32    0.00      91.8       92.1    59.5     54.6       0.00      0.00     0.60         
should            530.04  530.30 530.04 530.24  0.20    0.06      99.9       99.9    53.1     49.5       0.00      0.29     0.67         few_voiced
speak             530.30  530.68 530.53 530.68  0.15    0.23      95.3       99.0    55.0     53.7       0.29      0.00     0.73         
and               530.68  531.18 530.68 531.18  0.50    0.00      89.6      121.9    58.8     53.4       0.00      1.55     0.80         
When              532.18  532.94 532.73 532.94  0.21    0.55      99.9      101.3    68.0     60.9       1.55      0.00     0.87         
it                532.94  533.34 532.94 533.34  0.40    0.00      97.3       95.7    60.0     52.7       0.00      0.00     0.93         
should            533.34  533.84 533.34 533.84  0.50    0.00      91.1       92.3    62.9     55.0       0.00      2.48     1.00         
Still             536.32  536.76 536.32 536.76  0.44    0.00     132.0      129.7    65.7     52.2       2.48      0.00     0.00    gap  
keep              536.76  537.06 536.76 537.06  0.30    0.00     105.8      105.7    59.7     52.1       0.00      0.00     0.33         
on                537.06  537.26 537.06 537.26  0.20    0.00      90.9       92.4    62.2     55.4       0.00      0.00     0.67         
listening         537.26  537.62 537.26 537.60  0.34    0.02      82.2       82.6    57.2     51.4       0.00     28.08     1.00         
Wait           ,  564.86  565.90 565.68 565.90  0.22    0.82     118.8      114.5    58.1     55.3      28.08      0.12     0.00    gap  
what              566.02  566.28 566.02 566.28  0.26    0.00     118.2      116.8    68.1     54.8       0.12      0.00     0.12         
do                566.28  566.38 566.28 566.38  0.10    0.00     132.7      131.4    60.5     57.6       0.00      0.00     0.25         
you               566.38  566.44 566.38 566.44  0.06    0.00     142.7      142.5    58.1     56.8       0.00      0.00     0.38         
mean              566.44  566.56 566.44 566.56  0.12    0.00     140.6      134.7    59.8     58.9       0.00      0.00     0.50         
resetting         566.56  567.30 566.56 567.30  0.74    0.00     120.1      114.9    65.3     56.1       0.00      0.00     0.62         
when              567.30  567.52 567.30 567.52  0.22    0.00     108.8      109.8    63.0     59.3       0.00      0.00     0.75         
speech            567.52  567.86 567.52 567.86  0.34    0.00      97.4       97.7    54.9     51.0       0.00      0.00     0.88         
resumes        ?  567.86  568.38 567.86 568.30  0.44    0.08      83.8       85.1    57.4     51.0       0.00     19.78     1.00         
if                587.71  588.27 588.08 588.27  0.19    0.37     144.7      164.1    66.3     57.3      19.78      0.00     0.00   both  
I                 588.27  588.49 588.27 588.49  0.22    0.00     156.8      239.9    66.1     59.5       0.00      0.00     0.05         
pause             588.49  588.79 588.49 588.79  0.30    0.00     116.5      119.2    65.6     57.0       0.00      0.00     0.10         
for               588.79  588.99 588.79 588.99  0.20    0.00     418.7      421.2    66.9     54.6       0.00      0.00     0.15         
two               588.99  589.23 588.99 589.23  0.24    0.00     110.2      141.5    60.0     52.9       0.00      0.00     0.20         
seconds           589.23  589.79 589.23 589.77  0.54    0.02     118.6      235.3    57.1     50.6       0.00      0.26     0.25         
and               589.79  590.23 590.03 590.23  0.20    0.24     105.3      106.4    58.1     56.2       0.26      0.00     0.30         
this              590.23  590.87 590.23 590.65  0.42    0.22     115.0      117.3    60.1     52.3       0.00      1.13     0.35         
the               591.65  592.41 591.78 592.41  0.63    0.13     346.0      309.0    62.6     56.4       1.13      0.00     0.40         
agent             592.41  592.73 592.41 592.73  0.32    0.00     115.8      118.5    61.7     55.6       0.00      0.00     0.45         
already           592.73  593.15 592.73 593.15  0.42    0.00     101.8      107.3    62.9     56.5       0.00      0.00     0.50         
started           593.15  593.65 593.15 593.65  0.50    0.00      97.1      102.8    61.1     53.0       0.00      0.00     0.55         
responding        593.65  594.25 593.65 594.25  0.60    0.00      97.6      101.2    63.0     54.3       0.00      0.00     0.60         
by                594.25  594.59 594.25 594.59  0.34    0.00      94.2       95.2    61.4     55.6       0.00      0.00     0.65         
the               594.59  594.97 594.59 594.97  0.38    0.00      94.0       93.7    54.5     51.4       0.00      0.38     0.70         
beginning         595.35  596.07 595.35 596.07  0.72    0.00      90.8       90.1    60.4     52.0       0.38      0.00     0.75         
of                596.07  597.43 596.07 597.43  1.36    0.00      93.0       90.8    58.9     47.8       0.00      0.00     0.80         
those             597.43  597.67 597.43 597.67  0.24    0.00      93.5       95.4    61.7     53.9       0.00      0.00     0.85         
two               597.67  598.05 597.67 598.05  0.38    0.00      92.6       94.9    58.6     50.4       0.00      0.00     0.90         
second            598.05  598.33 598.05 598.33  0.28    0.00      85.7       85.3    58.8     52.5       0.00      0.00     0.95         
pause             598.33  598.77 598.33 598.77  0.44    0.00     452.6      333.6    59.5     54.1       0.00      1.23     1.00         
